1069.3984496593475
642.2129628658295
229.9560534954071
47.74102735519409
220.27961373329163
42.67524981498718
851.0468578338623
851.4931883811951
113.75214767456055
852.4732315540314
48.91856241226196
1069.1286911964417
853.4398648738861
49.35144090652466
852.7331032752991
853.8773219585419
854.6663255691528
50.053298473358154
853.451150894165
854.5685255527496
854.2208411693573
854.7981352806091
53.14300298690796
854.7775976657867
854.9039754867554
854.7117409706116
855.1104350090027
855.2385499477386
962.4825141429901
985.3018159866333
990.1427516937256
53.034056425094604
52.827483892440796
1068.8075473308563
1068.789276599884
1068.6739659309387
1068.7080278396606
1067.3570811748505
1067.6394736766815
1069.4055993556976
285.62146520614624
305.41948318481445
309.73593497276306
314.2673177719116
308.32960057258606
329.1465091705322
379.627681016922
407.76015543937683
439.24481105804443
143.5983371734619
1069.2399764060974
392.3665463924408
425.2919445037842
333.3195643424988
486.5924105644226
350.99345779418945
482.2009074687958
448.53856015205383
540.3550686836243
334.6898944377899
90.39520406723022
1069.435302734375
304.75925374031067
89.63061666488647
341.88924288749695
287.3446397781372
286.4422559738159
93.90609240531921
315.49019956588745
511.9221203327179
246.15999674797058
319.8227708339691
1069.341821193695
292.14815735816956
406.58056378364563
233.85707998275757
269.00848507881165
266.9624080657959
265.99756121635437
71.32657313346863
247.33970665931702
230.0579173564911
235.36037063598633
1069.2574083805084
256.90738320350647
268.3363456726074
78.61241674423218
349.31057810783386
246.10923981666565
343.54797077178955
245.41377997398376
419.3435046672821
237.44683742523193
363.13123416900635
1069.3852605819702
87.75608921051025
339.9134647846222
231.68783354759216
354.041827917099
238.38019490242004
646.1474668979645
633.8263173103333
647.4936835765839
109.6803572177887
645.5470247268677
1069.3564100265503
674.222894191742
676.6429235935211
680.9917361736298
631.1839208602905
631.5768074989319
637.721640586853
638.5579514503479
638.8632159233093
638.8687479496002
50.594475984573364
1069.2352364063263
50.75333857536316
50.34664487838745
47.482300758361816
640.4972879886627
640.8364067077637
640.5602941513062
640.5714466571808
50.84261393547058
641.1818616390228
641.5585236549377
1069.2127981185913
