1069.405152797699
642.2940068244934
230.11256623268127
47.75760507583618
220.6185164451599
42.921741008758545
851.2268526554108
851.66965508461
114.18620276451111
852.6100647449493
50.526224851608276
1069.264466047287
853.5725476741791
50.45681118965149
852.9790444374084
854.0133092403412
854.7771816253662
50.842039346694946
853.550999879837
854.6404798030853
854.2696294784546
854.8241431713104
53.628347396850586
854.9285025596619
854.9309468269348
854.7434933185577
855.1797070503235
855.2856256961823
964.5023155212402
987.0189538002014
990.1644992828369
53.58294224739075
53.74461650848389
1068.9554476737976
1068.8440239429474
1068.7542915344238
1069.2172138690948
1068.614946603775
1068.0556752681732
1069.8593468666077
291.54605865478516
305.9029462337494
311.1883225440979
314.27243757247925
309.8024094104767
329.152547121048
380.1308364868164
408.5655264854431
440.03971338272095
143.97514605522156
1069.2534959316254
393.19937086105347
426.89022874832153
350.6761009693146
487.1352300643921
351.9610562324524
483.8596336841583
449.65726017951965
542.7539985179901
335.1095507144928
91.36636924743652
1069.9105713367462
305.43880319595337
91.00177431106567
342.1071629524231
288.46990275382996
287.5543038845062
95.00440382957458
317.1734867095947
517.6698744297028
246.2116777896881
320.04492259025574
1069.4445533752441
294.0224812030792
407.19159054756165
234.62547159194946
270.1396749019623
267.9834876060486
266.71026158332825
72.55147576332092
248.30011439323425
231.14685821533203
235.8989245891571
1069.391593694687
257.80982065200806
269.9604141712189
81.52348017692566
349.96372175216675
246.5367283821106
344.1169981956482
246.11863470077515
419.99090600013733
237.7917022705078
363.9196584224701
1069.7599606513977
89.11081910133362
340.1545379161835
232.10155177116394
354.4573783874512
238.8409252166748
646.2183282375336
633.9317836761475
647.5142352581024
110.27585291862488
646.3262176513672
1069.7832207679749
675.0083737373352
677.7347602844238
700.1422922611237
631.6005592346191
631.740814447403
638.3693311214447
638.8617796897888
639.0958194732666
639.5168817043304
50.76689410209656
1069.2841398715973
50.88294553756714
50.41626453399658
49.285929441452026
640.8482091426849
640.8977930545807
640.637852191925
640.7642447948456
51.46162128448486
641.33571600914
641.9270665645599
1069.3073513507843
